58009
51645
73984
37491
23587
17043
575
39138
64927
68089
37264
31585
60989
38969
14957
96145
96317
35936
80642
11963
93036
49130
41643
71639
8868
53266
43748
8406
29773
97498
94670
94320
84673
69835
23426
77474
72709
51146
78383
18331
74597
13449
89737
62467
33729
26967
70098
90906
29517
97792
27833
22134
15097
40500
77805
62237
74628
80749
14326
3429
41101
51
60971
28863
11163
32618
50678
75209
8131
22354
13342
85631
70374
56215
55330
15139
65718
58415
54000
45905
14624
10720
18920
26152
7246
58423
92315
27896
58858
8256
54551
59755
58459
29621
8364
16183
71893
89545
38993
46482
88171
94718
64845
57214
93316
23717
16792
17396
459
26911
67011
33134
4132
59483
86894
14819
85160
51861
49431
32255
96477
54624
84974
54438
74354
77846
86927
2414
57120
17667
26285
97206
25975
94650
25016
57319
83125
92961
52122
19995
77457
41852
30297
96032
55763
83949
47796
93106
80678
20218
19186
38561
65738
57102
47840
45014
59428
98632
62396
20336
97999
20935
21545
85929
4448
68650
91942
18507
1893
69866
58549
75748
20372
44746
89857
75459
47569
60033
83760
64256
32396
60138
52787
56455
82242
78921
79033
58088
84881
72782
95562
42578
52479
52258
14415
31841
95062
63811
40685
70676
93853
34707
75501
4535
60998
67002
46877
24378
21379
92712
36084
66386
3776
19440
74002
42374
90522
86348
78257
94946
62848
3137
23548
29125
43193
65111
67260
43293
3356
82220
60365
65088
5405
3306
59272
42956
97582
68351
62073
74972
91994
23114
43332
55945
90542
53300
24574
75977
65739
44324
32689
87114
58775
27600
69702
19258
2036
23793
6854
85530
75624
82175
58982
5300
4962
90325
12673
17434
80423
64430
72027
1938
86960
66662
87745
70620
7619
8219
97361
9978
60422
72495
79211
64462
64365
29417
88933
9398
6745
23254
95346
39440
94331
98132
29964
20558
84173
43843
30829
3784
76532
60449
30686
74360
17709
74704
47425
15528
72927
23723
93998
61150
87622
25036
51113
15026
63262
28160
80129
24368
71755
42218
31796
83373
27086
36866
14096
91251
48321
44615
66329
82472
34858
41589
33878
97506
1810
69965
86754
75973
99535
2298
12069
16774
8452
49868
76847
42864
44904
94971
13703
81416
77910
25896
5032
71475
13665
98140
32554
37059
27989
6329
311
57265
49812
40782
382
71916
12212
61837
99652
65391
86430
33335
84582
5314
91332
71304
7677
91923
7259
41799
8438
17967
5611
91322
55996
89004
55003
29267
77884
53731
89412
34251
37473
49237
73874
24290
14649
72059
80850
34704
49987
68614
94307
52871
90949
5866
16662
20074
8147
26790
15493
62157
68558
17670
6912
71677
11753
8128
8648
72790
85818
51408
3754
64113
13503
36238
60353
15810
78084
12990
95305
44128
50614
23987
19668
86837
23933
83416
91220
91571
16590
64460
83140
8012
29950
4041
97968
99716
88922
98804
87609
36819
62816
40545
90344
86899
49577
38168
66765
24411
20251
13291
15799
15993
83070
54468
78106
33374
52293
72295
43325
33798
6213
32530
18651
9416
58781
1701
65194
42805
62655
51775
76322
52440
35352
39943
72901
79832
19301
19590
24683
34663
44338
41581
2775
54488
59025
38045
70504
15129
92169
77972
97678
20695
6013
82187
98018
64496
8974
27235
42355
96106
95453
98004
1468
42531
88306
81281
28707
37484
95825
38842
8954
75440
88508
9504
36621
90223
78928
10340
2410
42462
76196
37492
46450
17213
32704
93068
98760
87180
15058
34958
86497
28199
15608
73716
968
4343
55864
37088
39693
59515
52637
86895
49394
71567
8916
73875
78034
78821
52402
98826
52880
67317
8208
2912
55093
63015
3756
20505
6812
62921
15872
99955
65555
47813
60591
7199
69085
47198
31081
4024
45240
68876
4104
62755
40784
75779
54904
92007
67227
22325
4742
59510
65186
91874
8244
39239
50665
85006
13604
11018
6935
71708
13464
71564
68816
91114
82536
90243
555
43563
40180
57137
34664
53469
79154
23518
7178
15721
62254
53254
17304
92075
14892
4957
14567
50874
51179
35401
224
35256
22792
53868
36962
52146
51644
37427
39087
21115
85563
63806
57426
93051
86222
90122
80319
39536
86137
39052
85195
5470
17958
8858
53326
39959
81008
36944
75020
36402
62111
89196
92134
87978
61434
71477
38848
62203
35914
6885
82777
26751
83126
18880
42069
31448
19336
69863
62450
75710
56790
16222
96342
71543
52314
19157
99140
37062
8083
51237
76568
41994
75868
58997
81183
81000
73948
11365
14368
8564
89353
30182
6298
86198
5932
9388
52451
62388
17233
3453
16778
30742
69291
65874
58531
23857
61464
2407
12011
37007
18304
58713
8417
50885
3341
25682
76654
99181
23102
51041
18663
11253
52849
70483
11842
73048
44867
75895
90744
68467
43552
59167
83247
28595
78376
34804
88702
58235
88243
85021
72011
53578
9111
47372
21665
84428
20099
37827
34177
80623
63485
78442
81453
29862
79817
49018
37617
20799
73731
24448
18421
4915
44190
600
79223
10461
34258
20257
92222
76179
35113
60244
46732
66938
9558
58348
3453
51385
76921
45426
15127
26200
67460
13363
420
17170
34833
76128
32210
46729
21254
46457
96014
68224
30872
90062
56277
89046
4027
66949
95954
78898
18372
16737
47616
57078
86057
1197
86877
38014
69079
8583
28599
29495
98284
6366
46017
19449
30440
68216
20925
38920
48918
6726
22831
65141
68921
74812
46913
24984
51923
14817
74615
70375
66360
17310
83475
8725
73378
56333
17969
85175
8216
12486
99727
98482
18770
93355
99635
46158
37726
78056
87958
47677
12555
89381
30113
77537
34294
1309
14798
80895
83336
65507
47660
25025
96649
9374
82395
81656
73977
44982
9147
99035
28482
46445
99190
99599
44607
65388
12262
21269
69311
30295
45953
20358
11259
28327
34905
42495
62137
51576
48812
86779
44589
33630
72503
16175
4755
69588
99442
30700
94096
13513
8718
83403
52853
64908
96831
84515
76920
73592
53752
4972
55263
71416
77540
69147
31523
58940
61893
48765
31218
67447
75539
54115
65639
45240
23598
16031
75109
94758
96068
31067
71303
53175
86922
98309
10722
94157
6551
30244
86267
50203
65662
56105
39395
15935
19905
82112
71320
26432
86270
53981
96271
69207
72219
76510
62806
76288
8201
40702
38265
577
30010
39295
14103
50317
35331
77217
27828
87360
70480
30569
76208
87464
50978
9564
55528
74307
73182
94423
22504
75276
56143
30952
67647
25066
6448
53703
77918
58503
19499
3985
41325
25658
59892
68172
71861
36084
11322
84157
59007
17419
39465
61318
44783
18628
45872
62991
72583
63085
53491
6959
22751
56992
59838
23883
12755
9158
83145
70352
22424
78045
15347
24544
79444
15347
28085
45234
31810
84352
43497
196
38370
3789
84003
63096
34615
80748
1128
41661
74134
83892
31182
90762
66128
42756
99919
11537
80012
45677
26491
17116
58577
11088
93937
10417
40809
93484
56267
18595
94150
74498
43608
15483
89422
81816
90194
53258
26614
33010
34014
50098
13542
26179
21662
28263
86191
62548
55226
74257
80921
49931
86455
75586
93167
74416
13648
29550
42040
34715
85917
78454
35990
71333
29493
33588
78015
44519
74340
24058
62258
30089
10907
57095
32016
3210
53794
58096
78716
78006
41573
7843
13174
52947
99864
42826
52444
89337
3920
1480
84316
35592
88571
64898
25096
62177
15117
49575
95006
42515
11897
65128
24667
69597
45237
32261
58692
31257
96937
98461
47898
42112
68361
9255
61347
61459
33807
92760
35852
2418
71755
67120
17185
25181
31664
21926
68947
84280
33734
71910
13539
74109
68388
81374
91438
60311
62363
86021
58125
52597
33085
74210
97077
55088
62768
13458
45056
18756
94166
34813
95670
17589
22311
78457
93233
66451
50505
37900
43198
28235
72321
96990
74844
62474
67560
15582
35463
18953
81193
74472
92298
98849
94618
7138
45051
64409
89758
90697
91866
8521
37252
64843
28253
97299
46602
56441
15284
1201
83137
83812
14008
65166
70315
7838
27302
49739
59165
47415
26952
50781
23423
19979
64132
18435
20864
51266
43663
98934
67350
85949
84419
94343
56432
86902
7246
74239
47294
86849
50171
95506
49245
9132
28239
34590
79202
65643
61514
85026
54528
87283
41730
57085
3842
49702
32306
51718
93231
65910
95243
42116
9290
52793
37933
86838
22082
23334
60558
38971
9306
22093
15599
85064
53230
17486
63190
56639
8880
31251
53652
65650
15833
27415
33951
35426
41778
69584
10207
33046
52363
67437
52209
75013
67088
73333
34831
32315
27447
61293
17218
36579
58584
41196
47454
65675
20173
13127
29521
22974
76815
9931
78640
24749
16236
55104
87239
7634
23780
15305
7886
9354
63878
15722
53986
73558
20243
85495
27010
48873
30805
73561
96078
15289
99918
55608
42598
90138
56959
86076
14810
91283
69551
25175
20570
63394
9485
82101
2831
5431
9083
58934
15207
88918
11102
45293
1738
12607
29529
25626
4011
24335
27287
60156
2814
77549
25890
12489
82267
37641
54446
1972
60671
51445
17246
7308
99845
68221
65377
65989
56776
31305
48080
38673
22931
22856
28279
15307
18120
56285
24364
30045
40468
33167
75768
12216
83555
84104
59804
54533
98501
46676
8681
83602
70597
60661
65707
18202
20107
24501
70996
83560
61643
64133
91682
40331
35170
40995
54086
75361
64947
19035
8304
92741
19297
1200
89503
31040
69437
2193
97826
56985
60992
31967
63802
95218
82938
2344
48766
26462
32182
93541
10225
29362
34685
66073
99467
27761
66473
39523
84092
95807
55668
20253
21224
17878
80229
99146
37725
44850
69863
17961
28361
68759
43597
80375
15116
49569
54506
83254
95592
59167
32197
92237
41329
5435
57994
73110
74580
94303
51287
78014
1560
36213
36413
54006
57463
1772
55882
80850
3973
80021
10854
88610
84307
34922
97556
8132
62917
84446
77424
85310
16952
92627
74642
90361
74413
88195
54545
15125
88635
35160
77385
7109
75740
43596
37323
16333
22255
72479
57448
80096
17734
86054
81400
52143
24764
38682
62011
13090
9384
14775
19124
41623
14699
51161
54963
95673
65757
3498
96368
71517
41477
36896
67679
9594
26868
87402
16848
8865
83152
63508
64808
25784
67861
95728
42670
63608
29846
30117
42354
99514
19104
31981
52879
77241
39870
91603
40858
15096
4159
69092
51919
34042
49986
57367
42288
56561
69922
95110
94963
25591
71898
29914
13141
3399
99509
2066
63634
65582
40376
55098
46285
93847
74074
73137
87306
93041
50610
8793
44016
79016
41728
78403
83598
12471
39219
56045
76932
60587
33579
83277
50522
76740
42132
40119
66729
73327
72306
1665
57027
48120
29519
50797
95845
61172
51738
97429
12308
19839
55979
28252
32215
64270
57457
55794
50257
94238
34383
21724
98447
73592
4084
30748
93636
66221
81277
69343
72089
75186
35864
2521
88898
30806
52495
80535
27587
6838
77370
28598
52570
87593
78976
14821
49239
59387
94651
1332
22298
87861
59741
17402
67393
21548
83009
12658
7593
64076
79014
51438
30296
27427
6292
53431
53550
58745
60030
65353
66826
29423
64123
99656
9136
75192
55337
61985
68680
50002
31250
59228
66400
40556
34830
57496
70057
62208
74116
83480
49541
69801
97115
64210
47866
93133
54460
59963
38763
81543
66078
28312
878
45239
65737
14988
14247
87352
81866
51675
23140
59219
57377
85615
51671
77066
83928
45673
10664
68569
73252
92913
52049
5183
56427
85533
98628
52330
78079
48626
30856
15335
92448
99268
61634
7737
181
57762
4246
37883
38374
50934
94053
70454
59507
51665
87465
76924
19159
99721
58736
31786
26436
3129
32167
79890
31488
50405
49402
72988
50117
79867
49989
27060
92474
65022
35813
63831
48447
13783
45898
86619
61727
11196
33617
79702
88561
63210
46914
20333
33862
81812
27927
80905
29672
26433
39221
91152
26934
31561
99325
67109
37181
71370
56205
49529
70541
85135
84742
16314
38088
69823
73095
71654
18290
14091
66144
50973
64500
29544
54933
75298
13853
14697
60645
66585
89975
59355
90078
22656
79502
81121
67286
21235
57492
51932
16041
40230
33342
60128
21203
55917
70823
62002
16568
55889
84905
23478
76012
52020
26335
88240
92126
49921
7316
6799
93942
64053
6899
51137
99608
77179
16111
44745
29780
34505
46271
9540
11144
80318
65367
39366
93665
84528
56387
54115
82300
13651
19663
28298
12234
42218
48246
64063
95518
46498
12699
50234
41332
78286
24916
82547
31865
44965
48174
29746
13625
71817
82500
68891
22223
41834
75889
6817
330
22418
18867
7721
68597
56519
80648
54545
97086
91671
72083
2460
59408
77378
73006
39154
56800
54834
65115
53699
6017
97875
21117
4704
2788
67113
51612
65841
71791
2652
55539
73361
13041
34919
58540
39509
72547
10057
11239
73781
91063
84783
98213
92620
8366
89321
69022
26380
29846
70297
59556
26574
72428
23093
91514
279
73981
91192
50075
38612
74129
84075
50154
28020
36613
9485
84232
23480
79091
8637
47494
77572
20366
6376
40798
72158
98774
29360
58376
37639
58528
47342
34300
32827
83845
20246
89954
90033
29798
12512
54783
50596
16677
21811
16485
25262
39201
26825
15811
18772
1140
80825
36726
98406
22667
9316
3335
22468
7406
71679
90197
67752
60757
6058
17835
30137
83996
66234
75041
66788
19039
13516
97127
93821
29122
46045
15222
58722
35956
43499
75022
18594
45372
70053
67833
47652
33275
2601
50734
62087
25679
26130
17737
2225
52984
7294
53168
4750
80618
27049
33276
34646
45642
74029
60819
95902
17511
77512
37480
54710
15202
92915
2404
67956
47851
92329
25483
70899
36019
31189
72399
22470
59676
44519
37095
47028
17875
41379
31797
73234
32072
52276
2065
28972
1951
40091
99370
26929
55065
40798
24111
23985
23850
70332
42054
11644
98564
32717
1720
8649
71600
85753
82748
60976
96333
3244
25220
3544
48139
48886
79149
73907
44340
42810
22613
20717
46325
84072
21548
19173
21651
8444
69539
92808
885
59238
67834
96288
28702
38604
54227
92064
78805
18708
14884
63766
31392
86818
44326
99787
17790
46789
45595
92970
22637
25810
69349
73879
58712
76770
76028
3648
90032
508
73306
71638
98653
9208
6795
65820
71046
33484
57688
18199
44963
68850
33302
81140
57966
95991
96234
7760
73306
93341
2995
19562
17615
26506
86194
80303
23609
76967
10796
21818
91412
99235
3650
53443
60877
84852
60864
99315
87634
35801
22947
44555
73818
95204
48796
81390
82369
58272
97641
89579
20341
44340
26356
39512
95771
10992
85256
40375
81269
34576
22561
92511
1935
50300
98140
98150
17086
83062
28323
2950
78256
20126
66485
11956
7119
77660
44185
22078
61300
35922
89583
35989
36850
6414
3199
20916
81146
53131
74241
4673
45029
6464
93950
30681
66143
5050
21621
31919
83437
40515
72262
25481
26495
51956
33529
96752
28997
31942
53442
79101
49175
26311
88564
83271
8554
18536
48454
47499
66717
87520
54361
23942
55195
9081
27119
1344
41221
76822
62547
46175
97694
62986
84850
53706
64308
19216
9666
12522
19254
41816
95936
47904
93409
33828
88962
9900
20453
33294
71063
30059
71196
95345
89848
31047
36369
99120
55605
22490
75370
93698
77173
49635
12979
38866
34341
13090
64724
86752
24717
52661
72263
36787
95728
86525
44099
12677
42646
45286
81289
23007
79851
27207
30519
47721
97081
78373
17629
96214
76398
51346
6515
34560
84457
64043
22028
19701
28847
93252
24547
54923
28382
43217
4938
48137
32672
60327
93702
12499
84660
1324
35186
29436
80338
175
13376
45632
22865
55184
61403
88785
64134
87974
42581
31043
42679
32689
26032
74781
63458
41117
88438
27
2619
12744
90033
36037
93175
99708
27085
9178
12530
32418
52638
97515
39280
63083
96296
7103
30775
82555
27269
6073
57930
51708
51437
6831
2496
2446
25746
15916
3426
693
84715
81332
24693
39600
74229
66719
11546
78662
69329
87050
84353
9405
65622
55801
68154
79853
22425
31366
81179
67178
80451
90326
58789
82564
7792
91002
36665
54516
36382
8843
95793
18426
54329
82689
68681
26708
70223
18719
64794
58348
53830
69474
70827
62157
32090
25946
99708
63870
18173
18020
45607
55732
38109
79244
8551
84259
3650
5606
35469
81406
96895
4043
69917
97603
74935
163
39757
95014
6784
49646
17725
36473
22834
15443
51253
49171
96846
96418
8852
10876
91852
86214
32228
37681
99028
73365
18489
70056
49582
57221
20440
62121
61834
35343
55869
7209
63818
83482
65914
67953
56140
90856
39210
11259
50017
70912
44136
1208
69683
85042
89953
25273
23431
86118
49114
6196
96665
5173
95087
65265
17106
13598
42453
91185
19629
52113
14838
14864
93919
6743
63664
24196
22420
26318
15646
74205
76444
607
97894
57527
94592
9803
62425
27606
98940
98133
40299
42334
21136
4127
96105
18531
17666
76197
36099
50027
12036
1347
45939
73787
44426
9241
67459
10180
14420
3792
9277
35852
98609
6531
65792
6811
44742
43562
95664
16080
42012
37575
41602
45656
2491
60944
13046
62762
23844
42069
22078
39568
848
26554
977
76756
21157
43516
22728
70978
1748
72208
65912
98995
5676
64019
24101
93234
31375
86716
16726
83067
73800
766
36910
29121
4097
70565
68486
30619
26704
79168
44891
63776
62697
63585
61215
44443
2492
91635
9732
62986
4426
6967
54309
19009
53558
1648
49382
56651
4394
94290
8159
75506
73615
93032
14392
45130
22536
1973
63081
12682
84746
40349
40457
61413
569
97530
61305
25433
33666
94057
29027
40898
36206
99050
99153
64851
74295
44012
50392
50560
46010
56979
60640
21389
18135
98189
18927
48348
5526
75945
12393
47267
21328
64757
23840
86978
58711
91693
90503
52878
53671
83855
21375
92077
39808
97703
80210
2226
77219
71439
15792
78462
46512
35991
40621
67314
38310
58499
24709
76094
28923
34824
90438
63898
75346
25134
93778
80864
39202
82731
82915
94984
56169
93190
12777
58644
99310
33022
6953
17971
94738
50672
51134
5514
60313
19585
26461
7150
41476
91568
95880
34057
20999
83603
95642
18984
69876
52714
79307
51981
53085
77859
58984
45530
49866
80481
14040
28902
57200
13467
79542
87488
74166
54975
85386
81820
30896
63255
9935
99705
15722
39468
97493
48366
9057
88286
91390
40634
96751
22862
75487
78899
51169
29350
558
72957
97536
55327
76260
70615
95321
5080
42258
55279
513
16045
85158
81036
53297
75480
86706
64535
71752
7352
97425
35900
48586
95646
71263
27014
65119
63617
12219
76532
33495
63089
71259
14471
11840
4084
90503
31342
1825
53596
958
61937
27317
78978
35019
38745
14175
96819
8408
65256
59599
84599
43011
58576
30088
9338
59624
36488
63518
80462
33159
81522
57933
62024
50649
19638
11431
28775
68957
61982
41891
14404
5978
16134
74971
93137
80981
28530
78665
88258
91973
10973
48872
31544
68574
19914
66409
71064
4090
60791
16162
55733
8093
43867
4668
85194
72770
1343
15351
41000
70730
41256
90520
3781
63527
81973
77725
59165
9262
30631
44018
9139
71811
53965
26134
67691
402
86439
46516
96043
84066
33509
91260
22728
96190
97693
94926
35758
92106
79395
42963
65938
8007
62345
61221
27914
86395
48526
2267
37029
75878
13516
42029
10708
86799
69800
23691
65545
36881
69214
99551
67558
76680
7692
47802
36416
38110
63125
41875
68646
50148
86857
11296
98308
37848
59986
3850
35642
44664
17226
1076
62835
95613
36891
71108
14064
67639
78166
99919
21872
37620
35019
54396
12519
54394
94843
46269
69103
94280
49339
38517
46001
16867
50267
84910
51501
71524
78331
39208
7416
87093
49500
71552
49765
53724
16764
74390
37646
51608
69341
43605
77028
41339
84793
56302
20600
49134
20761
12721
48203
32877
37009
61901
98627
56927
91707
29287
53558
16339
92404
11443
8820
71344
21137
15146
526
23244
13873
49906
12385
92292
2287
86181
29669
28157
56322
26122
1255
17398
56583
54824
62209
33904
91638
8557
13793
8121
87195
59113
78975
32935
57322
79569
98659
9874
9307
72100
37405
74821
50750
34123
50859
15402
90636
767
84877
3911
5960
53690
18609
98712
13222
64560
24272
98837
90281
90855
88079
68676
21564
21344
83483
24906
40725
69973
55073
25374
30609
9908
2689
10693
29720
72630
21305
40535
46752
40418
45459
83963
95881
76222
98837
8416
27767
74117
1451
71547
11144
6620
48018
58119
598
53089
18576
44362
90911
58631
53972
96075
29777
71974
84003
87188
79063
21755
60368
36883
24146
34275
42642
20077
69591
40225
6810
88888
74737
84817
51561
42698
13383
79827
45304
61578
79799
40285
35899
57648
57551
97524
22846
87939
76532
21493
71581
27429
16911
81829
12355
42665
42910
12809
51269
24896
66836
51726
32812
18637
81188
88644
18526
62315
16172
8269
24134
2743
28365
54688
10559
31581
96581
49461
21785
85715
96194
4563
42626
85932
78097
90698
12927
42772
67892
71773
4490
51612
4701
25492
23870
41546
67385
37856
93445
94507
34888
13615
30467
91825
38992
77219
61699
53555
23530
89318
96111
14295
88705
90966
15687
30061
6973
59609
87686
42709
11914
79875
39041
23978
81239
30389
72499
45607
75108
87534
88338
80713
43967
73655
38273
47437
55675
90128
93240
56994
48002
30891
55698
57452
15076
61011
82916
74239
21378
48678
92790
64474
31002
74299
4457
27310
31279
44432
48942
98097
6456
96934
43531
64696
5901
51855
55052
87383
15550
78618
87289
77724
93159
53041
77557
92298
45595
53815
80888
28561
20396
41979
16085
8632
11925
98587
95427
35760
8793
9633
22664
18890
50511
65653
8301
64650
69189
80511
21177
48021
27548
11145
50428
28870
21375
28171
57502
18916
45614
62072
90110
19273
94366
1390
18510
35863
84200
87493
26228
10846
49345
57520
55767
32487
45743
23751
16922
45571
19315
5598
95996
89766
28550
95787
81777
53525
64506
67146
21680
63618
32382
54322
2577
29099
31601
77811
7591
19767
5843
74322
90910
90924
25389
90563
99406
69876
528
69481
54923
15319
52884
55055
80008
73299
66720
97713
45520
52543
11499
51477
60721
43227
13636
80697
62423
51098
74534
2158
7857
78605
99323
5862
51260
99101
78043
52626
81783
30470
12595
77116
16988
61759
23707
88992
3664
57279
22588
52617
53596
46760
94596
44230
60840
91300
15855
74954
26956
54529
48649
57156
12138
74550
83655
78708
85591
55377
61141
46927
1750
69787
58141
82064
42769
12153
97413
68644
29102
11621
49743
20035
68053
80434
45802
15063
79171
93261
37290
83717
48285
58921
81174
30887
66547
71441
90874
79443
35476
90592
6886
29106
45939
66218
98915
51595
12309
43468
71863
28787
58839
51888
4019
93062
81196
94006
57989
19555
31071
36813
48552
10426
67495
6936
5918
38749
74487
59846
96055
295
12268
5888
43259
11972
10496
56071
72751
24172
61608
24195
39729
82705
85513
96330
12674
92793
29679
69635
6661
46618
63297
12623
91167
99581
3930
81389
24382
34010
96680
52650
56724
40584
62298
86143
18444
91284
47831
50484
35995
80956
2214
46996
62985
18107
42762
51207
44328
87508
13784
17144
59403
3061
3540
78466
23476
20309
56877
26669
57568
63926
99749
78670
76424
78416
52791
45251
84399
60991
24877
6859
77838
66726
74412
62063
39914
47401
93642
91479
60479
41263
1713
99886
26407
28580
48840
64586
36292
17971
91583
36233
52467
12361
83111
82163
22175
59219
36406
408
73974
70550
24328
71041
30692
43648
70007
62814
96522
88570
25267
5550
5362
69669
11883
46969
22607
37974
36519
54147
19072
91902
20375
9689
19826
7952
77372
45867
26719
61543
76391
45552
42935
73679
99225
48985
12542
72054
11718
65293
74203
79541
96478
28179
68825
34915
77864
63465
20151
81714
62759
25976
6197
37167
310
26669
9993
53299
42220
51660
78354
70851
43301
81532
89297
38796
55310
72638
12115
34120
76679
47229
2279
58051
44569
80556
42407
85443
86040
7893
79814
53358
87442
81477
54280
45339
94606
5579
29981
39054
37643
25505
16661
42159
47839
15208
33226
14031
48786
38279
60784
97083
68094
29004
98804
54123
46110
52009
23000
96894
65984
23138
69797
50334
13070
58263
2384
82168
84101
20019
44878
78067
32423
28354
57889
79314
37653
83946
86382
22531
16789
17554
83043
3726
1604
47624
13865
35349
89658
8081
47899
92352
61749
6142
89790
45362
46955
87160
13867
14538
33220
64007
10230
32379
19975
35704
83705
75813
5552
696
32309
10822
68
80865
54144
48726
97400
68393
44599
29063
67142
35712
77627
74984
16827
70553
82912
79446
29301
52601
94433
51654
41425
13801
41436
1625
67298
77404
36585
87053
96607
49907
45058
86229
16505
87302
89428
44415
43950
91900
3946
16236
38361
36101
3736
67167
79594
45842
34495
27494
15640
58724
42755
85587
27221
65812
5272
81569
16462
1462
38917
78266
23824
51145
17138
21060
53476
4450
7402
36069
77290
32274
5483
76617
36952
50596
98116
94049
1962
500
552
92405
20345
91266
27221
69447
89706
95628
43692
76159
12937
11371
80931
96513
13489
8530
54572
68258
38076
23894
48612
51986
91889
61549
90821
81155
57463
78739
16859
18268
25483
13732
72196
59290
64635
48155
77271
74770
12780
20010
3186
72664
20270
22765
92063
23003
40152
24371
8856
48982
94945
5733
34540
99569
73836
75668
61250
32138
1087
99295
97295
1957
54826
28720
82539
50540
47254
3729
94024
26173
31650
84873
78800
73047
17693
19819
57676
63117
41480
82377
94278
28310
21921
31255
99962
26679
73040
65161
38711
70748
31161
36392
32315
59952
77659
94433
46402
20880
60627
96541
3270
87843
10150
54477
53004
42494
95175
56521
29551
32166
74657
99208
15961
9841
46402
14479
71895
57494
11784
88096
279
53547
33548
22635
73593
52814
73262
32974
65752
45882
30863
34242
99709
42704
2504
15775
55554
93488
76204
43240
55480
12142
57576
86969
17006
7029
32382
79144
55646
58526
44686
60384
24306
2458
75189
97989
71419
48370
6807
2623
24567
26473
26199
55078
34685
59185
44274
86966
66323
22509
67525
75052
6578
7316
27112
35999
38206
57072
89289
12239
3014
50561
70841
53278
80228
41699
84866
6711
60966
31704
83405
84142
61709
97624
79345
8366
21295
7673
62381
90329
54444
73943
59153
37528
72957
52732
20355
67319
94341
36303
31226
94486
68554
83815
70441
96378
53007
98760
80507
98492
77201
52763
11265
92949
86624
48023
92077
53726
93144
38994
27030
49635
8461
53209
87752
41136
59498
56341
36473
77481
55472
40235
64128
7598
69167
3483
59738
11893
9564
57072
71152
98299
91315
78955
16612
88976
71415
32550
55515
86030
2902
77854
25710
27095
35869
829
63676
21144
12581
94167
80158
75243
81339
26753
90569
68001
9203
74482
2615
69409
90104
52567
7121
10444
75134
27049
88277
68870
76462
65605
40776
76202
24916
92740
40829
8970
98094
31146
36043
80094
30527
71021
53653
51802
66113
96992
33434
85975
79920
75089
49580
23036
8811
59342
63093
24170
48555
91200
74974
16452
87403
75684
84843
64063
15355
91164
25248
46167
35949
4043
79822
39780
41831
38741
26720
66456
59693
55068
11314
56050
2462
76467
43901
53213
25434
42274
59692
27191
77757
69988
28551
85689
18205
77562
32035
35741
11033
22549
58577
84724
57103
12200
11637
16033
23504
1290
31198
27317
78673
77148
29507
47812
73928
12999
5823
27969
50914
52356
52088
67320
61445
47095
60254
45515
66632
69393
80574
60457
26851
26803
54062
30576
24655
32451
55081
14369
80467
7256
9390
17902
94079
29972
6641
65188
89573
86304
41662
41527
55311
73761
83650
57639
15439
21064
27787
63710
59684
49367
37298
35187
64423
52286
33850
16121
93209
26133
97525
17697
71089
71085
28539
25988
6681
96482
57473
25031
3305
27145
65851
88009
57516
58386
82439
55539
51107
95603
23157
71322
5243
63498
41571
22159
40079
55442
32804
70064
52426
53931
28477
65568
94189
62111
1802
23173
51354
41334
95736
91986
96091
22157
60637
45002
69762
85161
93368
12128
51544
93155
6554
58335
21653
73819
48094
80919
62153
91569
27156
44275
34153
91345
77650
75393
45358
12307
51476
58656
37350
34863
30913
9002
32094
22178
85755
48523
62594
10191
27306
10433
77979
70524
61416
91950
26431
47555
17352
544
76835
8931
43179
38983
95453
12010
43814
10566
34028
28668
8868
70983
63875
40395
34365
40802
77044
98720
14893
55472
68766
22293
72631
1707
77413
29315
99178
25478
72970
19301
11197
33390
68873
22578
84705
76561
9842
37594
70888
34079
86188
36376
28517
38163
52124
59451
27381
29104
21045
84459
68315
72189
38948
4304
42402
81979
45303
46034
82002
24848
41419
87356
80504
43901
79231
22516
20897
45446
15550
83773
11597
42615
79203
96441
14129
28581
71988
84369
44501
1233
12510
2392
61779
91704
29813
33546
40986
43017
84441
10746
2365
33578
10408
8147
54884
42411
74280
34510
41460
19218
52897
90204
6161
41878
45368
39879
94001
87731
61820
10160
97864
56925
22512
72519
30380
75147
50872
45050
19117
8466
65732
23983
57751
55878
22938
51853
1915
65713
26067
87093
4744
16276
95893
55488
48848
65119
35358
438
57944
41753
46
71930
28566
89599
18000
92211
4953
20461
19049
4610
87237
12040
31002
88571
1164
80818
55246
18963
49733
97824
82684
32413
65964
73866
97512
54737
71852
1889
44997
59173
10459
43921
96643
84808
74215
90294
64821
36882
98099
89264
35751
25710
51004
79717
94498
46937
82727
13443
71358
46314
52863
83937
34229
88383
81687
99159
84764
9776
63746
88295
96681
46819
94281
3058
90815
71337
8250
6670
62025
23193
95846
40987
19213
47032
46275
85413
87669
30522
7094
51551
62667
33901
52466
76933
99269
55959
57711
48291
53773
49725
35007
37650
57700
67248
66597
84835
67296
90943
52552
70637
95763
91083
47865
10807
89996
31760
31364
72095
39668
75893
96571
90944
3801
52388
30900
12499
62305
36963
47176
97294
89066
50411
96710
80805
40052
88851
38081
19298
39459
21321
48270
96662
73388
46455
46155
70375
15669
23665
64166
14748
27301
83263
23590
78529
78223
25267
25678
58803
79841
85566
90666
7120
38282
16040
32820
92542
25801
61912
92525
43034
74239
4967
56677
59050
70657
51098
6537
2640
74793
72256
27374
87648
99722
78933
71100
67515
22608
77070
21307
24230
59941
4257
52706
87632
45990
72837
36258
95273
6827
19068
72922
70290
28611
48401
14735
6198
11704
91719
14511
54993
73839
32774
95555
87064
97089
96508
63884
7665
93567
67891
97184
46747
96706
87745
2628
65035
43543
14153
2751
1219
64286
63966
29235
71451
63964
52995
81183
10170
53023
93557
37138
34053
59336
1842
11625
77408
67572
66155
324
67948
14076
79803
60432
15829
89817
31941
1587
29033
2690
62299
35924
40368
44523
94524
86650
59140
4260
32176
35984
16656
68751
84917
94557
3476
44585
71064
51064
98199
38741
55297
4778
65778
5972
5632
55565
1614
63102
42023
95920
67882
52585
70259
1545
12853
13908
48985
25262
81688
48484
71555
16752
14425
4624
17423
6582
81557
19874
69894
17970
5926
44964
36963
50399
82176
26336
50399
33344
20760
68250
17654
6843
93715
96862
80034
49311
10900
20068
14921
82271
74025
44433
85472
35651
34615
92221
40242
52282
44767
18418
62874
12015
95453
31461
30954
98651
56528
11759
22281
46240
6349
42614
61605
40635
22363
74609
35198
97651
70592
62543
31371
1818
16703
82666
70627
22211
24609
53626
74612
57406
41885
25278
23718
50147
37526
52968
38671
7324
43471
31839
27923
25605
85098
35090
83197
50708
70900
13743
67212
76752
51245
83343
69175
32267
39135
53115
49511
71548
31417
84263
18733
78384
78854
14026
13081
52043
47654
80483
72722
46760
1662
35619
53706
80893
13066
45251
55221
79516
6978
73917
94581
9493
52937
63357
37399
8657
40373
78836
27441
93249
70094
11461
22501
37818
60203
81925
27275
36835
70143
29497
56496
47087
40143
58813
37721
96311
27920
90073
53278
71347
34656
20347
21787
61406
39659
92218
47052
78070
65862
77382
84135
44613
77752
82957
6275
13904
53148
77457
79222
42347
76222
43887
42018
33324
92793
26562
30655
93144
53205
18161
35241
54344
39625
59616
25688
22580
69821
75587
48713
65377
26454
70354
65816
69133
88547
92070
63807
162
45396
60051
93337
50134
56809
67137
5920
53380
51489
85016
6661
72118
4329
4695
13635
34266
98037
91013
58976
2425
74994
61382
31986
80628
32263
62880
17271
43004
53975
8276
47407
24978
14099
93354
82190
15458
79782
82747
14894
55613
57002
20703
84525
37440
45447
53890
77279
27021
51432
58735
25686
42304
4139
19262
81763
29147
74189
89554
79504
69557
75516
90702
14767
91579
10322
14308
53193
70768
30641
58391
9535
32632
74939
6107
64892
60993
82092
51142
57307
23127
72736
57344
16694
11694
54474
25657
16422
68010
65
72704
83288
60445
98599
50423
91690
43928
32543
16088
52886
72743
47509
560
62277
49033
3599
71419
65041
21009
96389
50258
93506
42327
8111
21193
23058
30480
24255
10993
16395
90151
13174
98334
24599
51831
13191
35407
14103
65662
9632
41603
10303
39182
22649
44672
47009
49415
15868
62448
52007
98948
43897
64088
2248
42157
33094
97032
73507
43587
17400
82978
54463
79358
81428
85468
60070
32834
24535
51354
30757
52370
26956
80880
40403
9695
47494
93783
77422
8342
27830
46586
38192
62578
51539
1100
54572
60881
15143
265
39439
68498
38529
4170
18755
80684
24866
81205
50037
69888
89375
12100
53867
41704
31050
95945
59412
17087
89716
18962
98556
40402
35580
55692
53419
8781
98134
32418
33414
88520
57343
76121
27158
48863
74262
73578
42775
67146
7638
46367
7740
76720
87638
56495
76401
44522
67904
86918
86289
36788
42762
12497
86112
73830
87788
66141
95270
2869
63895
4837
66846
67816
17184
43708
6846
73449
97442
20846
13109
29703
195
4935
22282
56274
61756
87998
34808
37604
14398
86326
85954
35530
70718
37589
24674
73510
69479
52306
70688
69708
77183
38047
27007
95553
79446
4279
36146
26707
62574
17311
79061
84585
5130
33654
86493
74454
48072
64971
10678
788
18448
84778
57097
14183
16085
13647
47687
19257
57941
7372
88292
37966
50249
52783
81586
41944
54446
68319
36845
41621
20241
14851
77183
8095
98583
87957
47974
65720
2254
21772
14354
64235
81929
17716
6843
44446
61534
61159
64632
92642
24790
20472
81365
72557
93151
34288
31549
11153
79858
32270
51160
35214
77468
44667
45268
1056
56896
32129
15837
84993
14708
76863
83333
41923
77443
31251
58801
8148
59977
3864
76751
59410
16647
90263
62843
4949
93106
72007
30518
49974
47911
70595
77513
62230
81168
56667
60069
13701
58899
64594
36633
22842
97942
44487
48495
10348
17188
25338
96362
57512
55789
50498
39577
88844
3819
65475
10263
9939
2836
6285
94511
712
71973
8071
63108
23104
42833
52243
56614
76142
14354
17145
90210
35031
64890
3433
69364
34446
47985
68501
8719
48470
72864
65421
55326
37776
74259
55131
80692
48998
74696
30554
7707
74562
1830
64909
68703
14378
92347
18577
65503
94833
9484
51514
41181
76479
80216
61967
20773
7737
737
84839
77317
37163
66893
54476
32800
86178
58831
86718
75629
3497
92561
4406
40552
52312
74365
41100
79622
65136
24226
70115
32311
81526
22651
58505
13361
79724
51056
2246
96266
90670
6146
74036
57055
12752
76469
96631
62676
46220
6557
71563
34564
15559
54841
90140
91898
89580
92092
97789
57854
18587
92134
19530
94221
70802
87104
19322
88736
31894
94361
69123
20110
11239
9387
51388
65939
59974
24966
10849
72364
69383
13416
86229
14447
48300
20604
35636
24767
55925
6920
53991
48766
87558
75172
33634
15433
50868
91912
87473
86479
86292
92359
824
80103
79498
22686
11061
75981
32086
34858
2427
82153
92184
82369
92995
43768
57443
61905
83957
7452
99618
18686
91588
43589
58207
41149
30044
11138
17575
40479
28531
98272
174
771
43404
85900
63738
33982
13430
90932
68907
60733
99270
41130
30486
29174
46656
26835
97135
26301
17398
82044
40574
30435
61936
70821
31409
26123
82773
55512
13135
6057
63617
56556
86067
75195
30504
85628
91698
16909
25336
94074
10207
82580
30070
56528
68385
39054
90665
86914
48604
89122
63008
79963
30891
85962
45930
85581
85341
4754
26716
39787
85926
98454
21754
52695
76211
58101
31282
20195
50251
65205
21357
97096
48788
97581
21850
65783
92832
56860
91278
22913
50646
38980
5201
88966
1433
92687
20405
98860
40628
2349
47428
49135
7934
22868
19031
83462
68248
74206
64869
6757
17257
47527
72313
17730
31232
26172
84298
57310
93027
14005
57017
84758
58939
58282
31421
886
68130
2091
36949
41057
6387
15602
27743
11092
51957
94223
97148
64897
38258
70150
87462
93217
54527
63789
87615
92499
54266
58921
11945
10891
92115
21623
51388
83192
91018
48396
69466
37131
40807
10532
99896
18749
79878
75296
78587
27877
61827
65718
82356
82279
32403
18354
11177
83733
38870
98630
62274
40045
54516
92223
15774
65282
97511
95138
831
9432
83212
31311
48317
54679
58037
65320
44352
83110
12208
68168
54560
65424
41068
88062
66477
80197
11446
18631
54298
88906
46413
58878
47705
97492
97660
70089
95338
86838
20718
63869
7939
54801
12607
73410
95942
31579
32517
35641
15955
21737
2976
65752
14628
11555
4573
3400
52994
98742
23329
74442
22890
55729
4754
25458
35329
23396
81423
96986
83185
16856
3868
62646
99760
63852
83111
65316
91178
19425
31578
61151
5898
29644
3660
6373
764
29633
76728
25115
35159
13923
20719
65348
33314
28551
55169
87160
14829
32799
65370
18533
71493
25446
9045
45054
91697
63567
18636
83399
97049
40895
64451
53409
48678
70939
57660
90850
42559
63939
36972
12622
97332
9425
8652
94015
93006
2427
57332
52747
24813
17052
52374
49563
57811
86374
90433
59450
56561
78116
36898
88386
54840
83749
67208
61831
43556
39385
44198
49098
57135
30386
98013
37905
33538
88889
58930
75806
25306
64524
28217
46946
85522
26042
19132
66612
67882
71821
58031
4776
18366
96527
90824
67804
41474
78024
81419
98733
11609
76053
31953
88382
89684
62905
15253
13684
9504
290
73736
46192
41990
73788
99024
86526
66727
12093
32912
23055
60634
50209
90414
76572
35523
22700
25504
71829
77896
93314
80745
47959
30785
34102
78706
44164
2675
94119
26773
54011
72218
22313
8388
88026
84304
54719
24161
28071
61854
41592
49979
92076
7115
950
14526
90076
39890
21407
98120
731
91990
83678
63091
47278
78045
86759
68442
2400
46167
69906
69439
61163
91168
26658
33548
63818
81004
84542
30445
87599
51473
60612
72304
27156
68239
65530
50292
96984
90143
39931
63591
9201
31844
99963
78507
31662
4711
28775
67412
51
25735
30831
16811
2654
97234
49525
19433
50116
16435
56076
90984
63155
4974
82893
96332
91395
45517
43253
67870
20677
95995
28865
99072
54212
65198
11294
34749
34639
3760
8505
27282
11732
11477
5379
76248
28336
68584
68161
50985
44255
63210
4654
24860
77274
85788
67266
21753
92339
92851
81070
54632
82458
41773
18418
83936
55746
86806
4700
59064
38110
55799
45952
94421
3426
3546
51540
77610
63949
37336
94239
83185
67574
44004
93768
69091
62074
44054
76015
19238
92741
77244
97211
93763
99161
36587
18597
91462
30228
91596
72905
11278
15653
13258
84254
36781
30214
97142
32808
82685
85341
58889
12549
18834
37841
38381
64522
7254
55926
66419
19356
68667
12255
96642
89998
67134
47841
52862
21498
41946
87098
10104
59696
72059
53329
29607
77489
81830
73283
58332
53062
17959
35903
79322
78019
78643
76724
76255
15345
38156
86882
87650
31603
36428
11174
17989
38884
96481
42735
55607
25171
44417
15421
27704
55168
95414
20837
47066
28088
31560
73806
75385
89011
70211
74555
4362
85455
96699
89357
78458
56171
82230
29078
76291
89181
97670
26370
93088
69374
2314
8798
40761
74517
37677
58869
90536
68704
61996
96368
54231
37514
74576
88125
24464
77615
88038
7740
98366
36063
22801
52656
93147
47791
62623
43981
17119
4141
41402
52161
35028
4476
32490
64868
8635
39805
83849
74259
230
57979
65427
74738
23910
67272
7235
80722
89870
28097
11754
33608
13980
46910
84597
66146
17700
49975
38438
79288
15516
14407
39209
24563
93289
31307
90246
8026
66399
23739
8888
46060
29509
91348
60266
77386
68263
68427
74026
45321
9482
11367
72336
93548
31046
76910
55410
58249
62725
14485
33102
76473
30975
97468
15312
49338
93303
33635
90321
1511
39034
37100
79719
29029
3103
8021
20579
21512
23804
7368
76347
15514
66198
39900
75457
1552
39987
30649
51330
72792
88392
67159
71903
25514
75265
38066
64408
4015
91628
28139
76573
80343
22217
18856
33620
81293
44791
46175
25865
39627
50509
67739
75851
90089
20890
16419
34264
4644
19276
70154
3310
14986
95907
71332
82972
15633
67371
79458
24754
99066
98945
42325
44571
69009
76961
37729
80906
13160
4966
8378
48254
91182
44423
21996
67084
4467
59295
92091
77328
28494
1864
93752
42092
5667
84179
66177
58208
57786
37713
61059
25977
71451
46944
530
7134
26447
21809
1307
6139
86423
84461
97029
17536
38050
31699
49542
99438
98456
14116
24654
9093
61877
30715
73458
32685
25837
39167
66779
92368
63870
95329
33407
86201
89131
64024
35401
43161
97949
21875
16149
4155
68225
15531
30987
45201
42972
14863
34241
8411
915
62617
38374
55523
3849
56847
32628
79583
81823
9283
90831
66855
40969
58835
25966
54514
43554
33752
35393
78477
7996
23288
72932
65223
1051
51831
67361
81650
54240
95359
29085
92312
33264
94651
4231
98665
34828
844
14861
95534
51408
97370
26707
42948
27395
13225
4162
82901
85376
7019
51960
34374
84005
40600
88411
12209
79776
16852
78649
14355
12114
81195
16859
83967
50048
38574
98943
1406
26916
54305
66198
50076
66383
43993
70649
97992
16561
39538
62653
17367
11980
90795
43616
87317
7577
2182
71269
23745
45816
48413
81131
57999
76584
53125
31446
76231
27231
76437
77772
8039
87046
72345
98154
86029
71756
30770
95632
4317
11275
9875
87292
48096
13984
45918
59027
8224
40026
96488
47110
3166
22845
71886
44139
45629
75251
36441
31324
36210
57529
68276
45912
67032
80153
30145
23873
86400
85832
53362
96595
56607
37941
94171
6464
60105
57545
4802
20143
96304
60041
80892
92826
3902
33500
35167
57230
38166
37318
63285
82670
23142
67148
15411
2764
38992
89950
94020
58285
23999
91352
75218
5507
62486
13502
28486
76387
34718
5049
54316
73477
24582
2668
54082
67098
77310
20600
36901
179
66585
54236
50050
60633
13622
19051
3745
8560
30479
48044
46751
31181
75670
44659
24905
15056
69895
17578
13731
12713
51640
82307
96163
33266
98360
25566
92343
54956
9214
39341
10940
24958
69795
86058
17634
64543
70206
39540
39004
52317
55546
98822
81535
14148
20504
15649
60453
30038
74142
513
30289
89457
40636
76592
60039
16363
19060
41458
31538
28668
23679
44725
9427
52573
96187
981
34678
41516
22401
94284
92914
27918
30372
64534
80368
14114
39881
51528
96332
51615
50080
76612
54320
70268
70106
68299
5483
4247
72626
15126
95007
67633
17976
2050
75118
46581
20904
81670
4253
96490
99917
57585
43216
858
65019
219
14148
41344
68846
31406
800
87782
42879
88594
19175
45756
48659
4804
26764
92243
83683
69946
79685
62182
86978
17934
38503
4301
26734
70237
47967
59317
13428
94085
93343
31723
68947
94309
74325
6374
91540
13647
30404
44917
96718
45610
41814
24235
11979
23689
55619
62671
72622
42375
15692
62109
69812
58076
57071
58150
81731
62225
27634
44390
5635
36407
12397
86986
31489
4743
23543
21294
67328
10954
19696
5299
24660
52121
44130
64328
4424
81695
11568
63572
37480
69775
16243
1717
89078
77125
55704
64781
44061
91225
70663
40003
73607
32645
1674
76055
41829
46839
8088
10039
9673
55529
74098
81919
69775
63337
43746
79470
16816
23554
41936
63731
41050
80679
84369
24532
25952
68937
6993
13403
70283
28493
98461
60063
94994
95455
51448
56295
97639
92929
89584
41333
44904
42159
57417
74480
90312
52361
62792
77739
51228
84436
98376
37531
13480
36421
91030
78551
47085
3954
16166
9744
75460
63964
2329
61955
14381
26193
42775
71379
34686
33536
10201
7244
22458
29290
90425
13410
90806
85923
47300
46794
40329
19535
63302
89326
85280
2605
53659
74496
51664
90290
23553
93600
98538
84046
49926
86903
42905
21611
7626
94217
57668
43761
11547
43824
54105
81773
16444
49811
80940
86061
38179
95164
23270
85336
9921
95554
68513
88327
24342
73129
63610
74696
70701
16393
80078
21525
67193
96831
3201
27377
13871
76444
20202
55182
81561
21134
48631
65587
10970
47714
10666
16559
59646
20740
23292
75340
88446
92618
41907
40575
74019
11734
66717
97352
50249
1195
72082
43588
1193
92892
31046
59434
98536
64295
5628
43565
96767
80855
51765
42689
38650
89779
28014
22768
37924
1813
56361
8781
11438
46909
78326
23041
34950
30070
33137
94239
79725
7478
69133
55970
86752
66426
95556
50182
63146
81387
76820
27472
27028
94942
80838
93352
71997
35671
7178
21241
91621
43885
39988
9044
43941
24970
48199
13282
40687
77762
55658
88272
43652
42414
54766
48874
72467
30279
11530
90841
67672
60069
99896
65365
16728
10589
24475
81818
41159
31109
57943
20193
30180
43038
5295
33774
4068
62827
39359
64046
77518
59601
88066
299
8425
54830
80808
66758
18869
24889
63427
89515
59004
38667
64564
5359
2752
25849
50484
23199
72595
6914
81261
27938
73678
63802
7537
95510
1644
97808
97839
10134
99224
44019
26175
27625
55508
21803
17551
97756
55911
66007
10492
65658
16804
90055
25365
68886
57298
42316
81251
98012
12619
8323
73752
49047
33543
74349
10906
80714
16668
90184
94345
65086
94625
20948
9766
56869
82996
74153
45485
85675
22464
81871
59324
26167
66887
45530
99835
11041
85512
47464
78288
45242
1869
74500
46677
29832
3793
65080
25274
36460
39202
4088
35502
86532
79692
41536
96118
54187
3118
15146
27713
11035
45520
1288
97923
82100
76601
65038
23830
64223
52779
47750
78097
52922
74951
10949
62733
91463
25199
76065
32847
27961
96326
71966
35948
41663
14460
49592
4586
13382
38875
15750
24582
63016
98288
95164
29241
41895
37511
83855
80618
67007
17860
57080
34323
78263
20266
80152
93206
51520
32525
99226
38846
52390
12021
25516
81130
88728
44869
45539
17604
12643
56224
36351
25577
59109
59554
6837
51047
44646
41442
63030
18047
75722
78332
20107
97910
17816
26582
68017
56796
57154
77740
66702
82978
99336
97303
13507
98335
23128
1638
84870
71746
27299
31742
12550
95648
16067
77492
20927
78766
35275
77012
48120
47823
34125
32636
13125
10696
45745
13707
2257
89747
41589
9116
51641
39367
24812
18306
88109
54435
58820
65824
43334
49557
54012
77618
35876
17000
19476
43064
89062
17514
92197
74782
97711
71491
38159
78749
42217
59858
98268
71334
51538
12592
2354
81128
28574
54393
47342
78513
38224
61502
98255
7859
89939
44782
94841
50042
11133
68792
77756
28006
6369
8781
98924
14093
2051
32232
60003
90227
89835
72367
47975
96589
25029
78673
74480
74101
6705
72839
78324
21414
70127
81297
41078
84632
25214
92002
42232
37056
15814
20889
90942
42872
83159
79288
20867
3719
80890
86001
95414
36449
1447
66624
51626
40857
27076
8828
70062
24039
98128
12566
49187
3320
27417
86808
71618
3827
6509
54534
27485
48521
65939
99975
10175
84325
27635
61604
5428
87510
52564
58971
73347
28802
73561
65910
58865
18618
18733
17686
79565
89282
17239
26376
40963
81649
5999
62835
81035
51993
76269
45501
440
92090
72789
27083
19618
20012
32907
21529
63742
28089
72159
69591
22557
71772
6026
17106
57778
54637
4720
47339
72479
3190
91658
59162
83505
93403
43308
59045
2599
49332
95907
65878
28934
54535
96053
19491
56732
99673
78168
27487
47355
44957
11738
64691
45842
95073
70231
70387
24190
42293
26793
81605
44068
89933
32464
17185
58756
96625
51500
49729
54606
25782
69315
29335
4740
9827
11509
51387
79683
7389
70299
8511
81551
81172
26994
1126
44743
82984
69237
51042
31585
6732
44419
26882
69858
63473
66718
41284
56248
36771
86944
63554
19655
45618
55550
65978
20790
20861
81347
24145
10927
82514
91131
56099
21946
19709
8735
69910
74872
80515
18194
53753
38586
36895
44511
99533
88925
25843
39524
4512
47165
53748
4318
51532
5759
54211
70550
91446
38745
17330
36427
54079
8091
98333
96825
65375
48784
63787
89699
18278
10565
64596
14247
8243
35615
59218
30301
3943
25912
50409
94269
87596
4686
15949
51735
92849
8777
31054
99255
38164
52252
90913
18772
23628
24187
22028
17248
32210
71310
53429
55910
18873
80055
98819
44967
37689
67518
48558
81671
6455
2842
46600
39145
49372
67189
53223
91638
81323
9005
63094
63023
49747
66650
32639
98773
37807
99141
24950
57096
18051
96401
48974
59320
30525
11327
42503
64803
32648
89091
78208
61194
83828
88605
71401
83940
79200
50675
67858
90788
96035
49363
84116
54306
17114
51469
56168
44036
57893
39279
36154
94314
50968
20174
93891
86748
30356
48388
49909
74817
40922
99214
44148
4549
69141
40693
88056
7630
8840
78990
75120
95825
79602
89970
35745
34488
53158
47416
31939
24278
20342
38420
64756
74531
73771
54164
7911
17990
95872
17542
15192
84073
94489
86058
47685
85137
4321
70090
50716
83072
25286
57248
28632
56607
11901
786
24763
50901
62445
90844
60151
3424
92847
42554
89885
82574
79751
21386
20266
41379
8922
22661
98744
35535
49117
19116
33346
87102
1459
29939
55013
90898
51741
98797
45228
19887
84857
86332
23142
78898
99375
71406
42203
52309
47712
48878
46104
41773
73234
46668
6759
25952
16713
47284
11076
40881
66730
3382
2057
53832
10224
13295
71560
2774
94241
4559
66729
21875
87786
16158
43385
51635
18054
55144
77196
19004
81771
3436
52649
82663
34601
16665
5290
63998
5449
24113
81815
72565
97520
97340
76561
27514
40925
18849
83233
64318
38649
29337
29057
98917
40517
74275
48071
20809
15760
29392
94903
18047
40052
66998
70624
575
33209
45338
66687
17140
38134
68520
80410
78760
70007
37423
74973
65170
88626
37991
74447
388
5951
80738
16790
85146
88215
69367
48242
38533
94463
18148
19946
9575
34459
10274
74175
77687
53178
4595
26318
43308
69796
48009
52784
75902
43777
81413
76182
79662
63035
35669
60704
21982
93785
61137
23952
72857
52445
4604
12310
3786
49669
95988
80029
31685
58415
13898
3465
1396
75169
15154
86934
66949
41551
93472
44996
55760
74679
5485
41409
34672
70580
93971
88932
56967
41949
56715
16995
28545
77716
63120
81146
87301
74453
94773
69179
31946
31149
74280
52518
16809
4365
56132
45345
87609
24732
76695
20111
48463
45134
41258
28302
92948
33390
94800
47296
99547
84096
60428
77064
4949
58339
2321
95363
88856
91664
2104
26412
12489
31537
32626
75445
69327
25224
84100
55659
7514
28207
89367
6285
29543
51358
6907
40792
557
34397
91782
96502
82654
16558
86917
63303
39760
80020
1404
91216
96973
21039
30138
6296
70510
45791
59066
80947
31460
24405
57940
11024
57642
22880
52104
90860
92318
61842
43223
19389
2442
11526
78446
67980
34872
43336
47406
62201
56543
74942
4353
70841
64943
27557
19424
98723
26846
32401
44429
50369
31246
61211
1324
64449
32158
7334
68644
27223
45318
71740
16820
88399
20779
40847
41879
64487
8092
47264
11965
28849
12316
26244
1083
33880
43512
76489
8760
48974
65929
71838
41215
28188
34905
55219
96116
56196
79643
2582
90968
62088
67048
84049
49838
42360
31530
51092
51429
74814
15855
51742
25344
88869
8439
94591
86771
9422
39341
48438
34525
68008
27738
82989
75450
79744
3536
3592
58501
29995
29848
51972
94246
86593
13336
21035
21764
51443
74107
17154
73333
32712
8405
74937
48617
53411
98077
68310
54390
81220
19169
23057
89257
94602
44489
99550
84990
96511
27255
52258
81903
79048
78150
30054
39424
896
42256
11038
74251
46894
59251
44214
93897
22022
64326
10536
34972
25825
81002
25669
32660
27354
97199
29955
76778
60390
88229
8591
98507
25744
19785
29819
38988
74946
34913
62502
29797
94354
77434
5990
25701
31246
43762
4699
6048
59337
80336
94325
60566
38835
56091
1290
12932
57046
76703
59798
74505
15089
42489
8987
86564
75152
48585
61205
86285
82189
79083
98319
16147
85800
49344
432
16456
20838
5831
27482
86264
68241
75686
34431
3580
42534
91595
87551
76881
43033
76036
70080
41387
87983
3719
39829
66533
13818
70845
73644
37988
95179
40291
76326
90546
64312
14283
94734
22128
86856
46366
30627
68130
37638
23914
56424
32442
68520
84711
45177
62922
26931
99265
81180
98147
34443
52492
88354
9009
64418
67523
49342
8665
4255
16273
18067
17887
78784
31226
52677
10142
71480
72864
65083
48952
71465
92640
36347
27133
53815
80347
30084
25877
51262
34348
34285
32376
25405
77132
27333
57125
35790
25090
85100
57754
24265
1287
43355
40621
46713
5304
75466
79006
33741
74056
81300
18117
81721
43955
55502
72384
81704
10567
99216
32296
34426
67743
94700
69239
40410
6581
76323
43609
70307
85644
89982
12512
34693
20908
12512
80938
80885
8283
70682
90275
15086
60493
21524
22577
5995
14193
74437
29240
85048
3481
24628
12018
61829
14864
32418
35560
66476
12122
12985
73206
22839
30026
42578
50895
89064
82502
67938
14445
96571
80454
90045
86217
40170
11402
8721
21390
27913
21994
95558
59461
75061
8576
76666
3756
5053
41010
42374
73168
87968
56278
10233
48219
244
58734
44605
57452
67838
93582
26223
73117
31338
19489
74406
8455
68748
54988
47053
14395
76895
98457
61488
18002
34850
20650
97766
67735
3230
44012
31070
97188
85866
7681
7765
40089
46858
77741
39426
46838
19053
55860
99382
75223
83691
99874
43453
41401
11956
66421
82602
47697
28305
86819
23538
49680
28538
89932
85499
51336
53888
41795
51962
42012
90800
17676
80056
78280
39440
26840
41231
66350
95463
77495
37144
69428
73355
98841
29439
8744
37859
63149
56257
44636
32807
85095
72801
94874
97463
95458
73261
78352
89415
47521
44460
78353
16018
72865
75376
63612
12687
64287
74439
69156
38627
2294
66821
17297
39915
37097
20198
74492
99601
35476
2910
88556
72861
90225
99169
82652
47949
71382
89876
37845
32686
36078
66284
92542
93729
14243
68377
93579
5097
37447
3211
93220
25980
23463
71905
91170
72726
40870
61045
80303
9919
58781
5357
25854
72097
74708
25020
90743
71093
43315
84728
43593
47868
42973
19831
66858
92375
74250
21200
12981
39505
27981
96589
14857
91816
21926
72110
52331
50234
40727
69952
89859
32804
2665
38166
50767
42894
44215
89049
20856
48722
58747
39815
50350
47453
73240
98264
8134
90633
89250
4435
44391
43657
52306
6086
89162
52738
84326
54087
96113
94445
32814
16122
40817
778
41878
6557
75965
93776
56226
42810
557
79817
89091
60507
60122
16761
93765
11903
32686
39370
50610
5458
14278
16722
40319
30214
61671
95958
38994
3324
11966
35374
65310
35817
59472
39469
19131
34568
61664
82998
45381
2222
36116
39913
38167
73769
60279
32102
78781
64261
99503
48147
33155
16628
61602
93117
6070
47156
86499
22114
10583
15519
4388
64854
20849
2418
98220
99638
69705
75347
553
25144
21421
79284
124
91655
46944
97169
92744
48155
17789
76555
71685
53287
82785
18042
78584
51251
66042
97384
4675
94702
58911
7854
91294
64003
44227
19424
46683
64331
53813
6903
46933
65428
77894
36555
24426
35529
12496
774
49733
93343
511
81676
64748
90166
48621
58930
4866
41626
29433
58651
45898
10742
97089
59663
8217
62942
79717
44341
23417
98477
98804
70824
50920
29376
78091
84983
50578
36359
95669
25120
68542
24826
56817
88616
69781
75622
60731
6641
73560
24743
94
1294
24335
59991
75750
31613
23717
34141
51595
63713
38780
62421
57150
44213
63184
25307
15648
28335
99409
72503
57748
77488
36530
38368
11970
8592
740
78532
1935
4931
57458
56676
90928
83948
42460
43785
6084
92499
3207
49060
59300
82198
8760
88533
33607
38309
72408
91119
78044
35782
33689
22967
38507
43606
40926
29631
68641
53539
45647
36943
63391
88655
62832
94656
44986
31166
35081
86245
92547
31371
33899
69267
77281
41239
54044
94135
18115
26542
43467
23681
6156
30830
89968
34846
65876
47904
75104
35979
25736
90479
12386
2945
41791
40956
7101
95449
1229
78675
52661
84623
37014
95504
98642
47836
60055
28956
75364
2688
64978
26828
71713
42510
24005
34383
47320
50653
71305
12944
4749
79557
51204
96939
93776
5294
18219
75258
37181
43880
98039
12204
58383
82646
63627
5792
81034
46712
98728
62738
56435
36690
23335
72903
40243
71368
98319
87874
65507
70247
12410
49011
99910
74520
73583
21031
61435
37362
84883
26182
61731
4485
17650
70762
56162
19594
47743
59064
22212
17713
71105
88497
30487
19870
81378
33978
77813
87147
42895
18249
90576
8701
75507
71944
49565
86056
76107
46146
52702
58044
80589
28993
38355
295
95696
77069
14952
48385
59538
73562
76381
14282
83014
33061
18332
60491
41628
59372
40189
43394
29887
36592
84137
8189
91516
31650
67719
93462
43014
81344
15887
19598
18523
32974
70549
37869
53897
78505
27270
87884
60624
27524
3658
50759
21323
40057
61031
39155
35455
51096
14840
71369
79038
97202
41325
91662
90093
11587
35889
15918
62906
26176
20869
15970
80852
58811
86534
43421
1820
83479
12747
64250
28495
16400
23565
99144
87660
86835
98183
46744
53476
97086
53431
62434
78042
55516
66277
78372
71329
96424
20977
98566
75937
33784
83578
69116
5265
587
22898
29916
26336
45630
76629
51783
49675
87378
84026
71728
76214
64377
65752
77659
90804
8991
86670
29530
56137
15204
61568
59199
18803
61754
19460
20733
65873
51430
37463
66143
70309
78881
77791
32298
38805
97092
52729
35497
74819
75983
9694
86415
96816
10969
4507
61480
40529
51750
95635
26263
86479
88771
86024
39970
2085
5042
44418
72352
65480
37909
39781
57161
37240
59017
37234
41860
5599
90202
22005
63566
84957
699
55251
63836
44101
75477
49561
55867
23911
28357
66743
83060
97977
35783
28220
42367
82408
15151
64391
40954
52520
95040
69592
73405
24458
90019
11439
87542
48241
66184
36685
29063
65397
63655
36079
62127
34680
83140
32576
35367
15226
92569
70321
94139
11764
31881
62099
7791
48968
44024
56452
8882
85070
33792
28104
40299
38729
66350
58401
56042
13386
43272
96268
26568
29342
73987
84443
30049
13579
39501
18213
34637
2704
71735
550
79633
62580
72739
53978
59401
44313
80791
97527
70847
19368
42646
45430
47502
35927
75798
32323
21065
21519
57622
41147
24420
36344
89398
71646
59336
690
40046
26282
5148
75622
89289
50412
24563
27160
89387
16101
59690
92570
31433
90063
50264
65613
11168
41608
91536
562
62813
1874
53192
48991
11626
52380
47496
72225
95362
72037
21827
20836
2052
37715
86973
41730
33369
6596
90802
49363
7464
71874
77640
78122
87583
11067
27301
80006
22487
73610
60037
84516
91182
53921
80537
50431
75063
49405
56708
81303
12865
24139
15703
88699
89838
57539
31646
82707
56094
72378
51776
7215
15525
49685
16820
10821
3194
58854
76643
90809
3163
96502
93389
97365
98102
99424
1553
63462
51271
31695
79350
7324
73316
77443
25474
43775
99038
73655
41014
52675
22757
673
24532
98756
81556
81864
96011
85614
9466
66491
26119
18661
50795
2707
29062
24657
80390
15449
78478
55038
28342
97163
84651
62121
55420
50314
47883
99728
3114
39562
58355
62814
17604
62904
30449
4746
99471
76981
52398
68995
41313
71280
37225
72957
78081
56809
71847
26606
62767
67401
91149
7411
13750
83667
21931
36050
42199
92802
64897
38146
45128
21635
30647
67460
94306
45743
60361
80071
16465
99209
66374
17333
48013
61321
62024
44465
721
8001
61309
45734
27075
74359
73827
12162
49339
77245
54805
69813
21930
17552
25132
20750
56730
89915
66764
85664
80044
22288
46664
3334
97667
63063
20141
70544
69337
82174
81765
45028
58188
48182
15188
52696
31751
97114
30306
16838
74320
61268
70752
32348
48262
16070
72830
57638
15074
38222
69875
81467
48851
61610
99846
19332
68849
51541
59211
41431
66493
84666
47439
6691
66337
4361
27863
95112
70250
90823
80675
75720
49291
30394
54215
15124
13350
67536
56931
37490
19008
716
32845
51359
77956
29403
1673
66056
22430
81259
12731
4216
7543
53654
2874
51759
7703
36674
76905
11174
31458
81501
49148
4493
1822
76238
5187
18680
63573
48651
44217
25404
46491
31903
35535
1486
40201
67767
41010
77375
63498
43376
20209
65832
79672
33081
5395
38478
82076
45264
88491
15903
2911
27751
37259
54148
18804
39490
402
10439
99173
85153
65610
88479
39370
71845
70026
19959
60118
609
39011
96026
81635
54920
67068
54682
25858
46967
43740
54821
14641
21188
18794
37643
23923
34812
93507
41732
63861
15884
74498
35956
84098
83557
17431
65294
43255
69097
73023
8346
15076
98634
85065
86661
76254
64127
13551
94092
82564
35644
53902
59316
99698
53408
33544
98524
90307
2312
62231
63102
2052
52888
78881
12122
83978
67881
57278
32968
2128
85350
31250
97837
45343
88850
93669
295
36325
66013
13019
91765
38187
47386
19606
12565
46312
16297
29919
11151
63335
72515
51805
57039
30684
32398
76773
90526
76819
5070
95515
15922
45801
64572
21661
7044
54945
10200
74156
39214
88747
54013
84084
93203
68004
30134
34913
67215
57910
29107
86015
80336
81648
71006
59198
32252
8013
12476
23255
48745
54916
80594
27401
90744
80503
89017
54786
10050
25176
12235
87317
41251
36869
44640
95419
91965
43289
4973
10950
86871
10690
40531
78405
70561
32292
4058
18416
72200
52356
98325
11984
53282
75822
60543
39879
56126
91130
1685
96652
3967
18306
54263
4434
1874
78048
80130
65797
5413
70167
59833
98451
19451
65011
77887
32993
78546
82361
94397
87344
18967
85195
38355
22659
25638
22540
68692
21884
73770
67514
64302
74545
81354
96191
82735
58440
20472
3860
84217
81838
81816
1201
75924
58389
95739
87927
45417
49558
50764
85120
88080
36358
5415
96148
82771
94177
28561
87818
97105
50378
26464
40800
27579
99206
91614
87327
12282
9074
55463
62308
66036
53516
69353
11149
27691
76050
20935
86841
83137
33969
3417
70196
60873
54500
57303
3437
70442
93264
61182
56389
3724
86721
44853
68164
63392
46976
11672
18777
83670
87217
35108
44956
7481
62778
46444
83274
38944
39509
80565
35015
759
55156
38506
2193
96279
54190
3553
74630
40796
59464
75251
29736
13083
82841
31403
53168
88584
58433
52800
71532
35103
48584
42280
88782
79595
48294
12161
33781
73044
41248
37046
24499
41480
15613
26213
61388
14378
52547
23949
71573
4123
18203
42349
42198
27026
25530
33226
4498
96189
13683
57991
37162
30133
43869
15924
10905
81650
17739
64373
2150
38183
10538
73270
7379
72536
60041
4349
19579
70499
30788
17778
16050
74674
92270
42996
67592
70450
48822
33690
18687
58379
46244
36587
5462
41768
48080
12435
78149
81006
68771
60694
12042
30731
92219
991
52390
72736
32361
77691
35538
66983
43870
92823
55135
52556
22599
78768
19829
87251
75053
92627
49979
86523
37256
63115
66727
40058
41794
30793
8933
68749
69082
82461
43977
92869
18008
44089
26839
82461
86840
12622
55461
12080
79113
73910
12894
89540
4728
97383
36903
74816
8700
14572
25741
69595
67897
7390
75408
25659
58450
72837
39309
36907
88316
55334
53944
53320
16420
8683
85502
22713
85595
69698
18381
77329
76250
55215
60618
21998
4307
53462
11163
3876
85373
55478
11030
90533
70927
18346
40266
60699
39868
68003
68831
13777
36014
9931
76311
31654
81268
37627
81766
8512
10301
66128
55726
36735
89324
38523
13161
47786
2051
18157
69296
63266
88275
64906
83626
93317
34000
48860
11366
49312
35104
33677
25712
32094
26111
45432
92203
98892
20713
6707
79288
91816
80567
26918
13348
24940
10386
15504
15755
53178
66784
10322
59699
30616
9049
70621
59902
91049
8093
23181
79636
98023
28064
96039
54536
